    38542  37.878670 -122.244466     9.290      -45.1       65.5      -18.4      4.6      4.4     12.1 1985  1 24  2 19 58.710  1.4   1
   238298  37.874638 -122.241805     9.290      188.9     -382.0      -17.6      6.3      6.7     16.1 1991 11 26 14 27 45.550  1.4   1
    86036  37.877205 -122.243343     9.312       53.9      -97.3        4.2      4.4      4.3     10.0 1986 10 19 20 50 38.080  1.6   1
    52942  37.880249 -122.245451     9.285     -131.4      240.9      -23.0      4.8      4.2      9.4 1985  8 14 18  1 55.440  2.0   1
    48565  37.876131 -122.242529     9.328      125.2     -216.2       19.9      5.4      5.5     12.9 1985  5 27  0 43  9.070  1.1   1
    45165  37.879110 -122.244548     9.305      -52.5      114.2       -2.7      3.9      3.7      8.6 1985  4  2  5 57 16.450  1.9   1
    44289  37.876880 -122.243009     9.319       83.0     -133.1       11.2      4.7      4.8     12.6 1985  3 19 17 15 39.620  1.6   1
    38520  37.879191 -122.244678     9.299      -63.8      123.2       -9.2      4.2      4.2     10.9 1985  1 24  7 41 24.780  1.4   1
   484120  37.880640 -122.245964     9.292     -176.9      284.0      -16.3     10.0     11.1     25.2 1996 11  9  7  8 36.700  1.1   1
 30107759  37.874076 -122.241398     9.309      224.9     -444.4        0.9      6.2      6.8     16.9 1996  5 31  8 36 47.550  1.8   1
 30065107  37.877100 -122.243180     9.324       67.7     -108.7       16.3      4.3      4.2      9.3 1994 12 26 11 36 28.180  1.6   1
 30058032  37.877287 -122.243416     9.311       47.0      -88.3        3.1      6.3      7.3     15.8 1994  9 18 13  9  1.010  1.0   1
   402094  37.881600 -122.246273     9.298     -203.8      390.9       -9.8      6.2      6.1     14.5 1994  5 12  8 58 13.720  1.6   1
 30034705  37.879456 -122.244393     9.418      -39.0      152.8      109.4      5.7      5.8     10.8 1993 11 13 16 27  4.110  2.0   1
   242668  37.880192 -122.245500     9.290     -136.4      234.6      -18.4      4.9      4.1      9.1 1992  1 10 14 39 51.840  1.8   1
   242027  37.876762 -122.243148     9.253       70.7     -146.2      -54.8      7.9     13.6     27.3 1991 12 29  1 16  1.320  1.2   1
