    38542  37.878630 -122.244491     9.277      -47.0       60.9      -31.6      4.0      3.7     10.2 1985  1 24  2 19 58.710  1.4   1
   238298  37.874731 -122.241772     9.311      192.0     -371.6        2.5      5.4      5.7     13.9 1991 11 26 14 27 45.550  1.4   1
    86036  37.877303 -122.243278     9.318       59.4      -86.2       10.3      3.8      3.9      8.7 1986 10 19 20 50 38.080  1.6   1
    52942  37.880192 -122.245467     9.273     -133.3      234.3      -35.0      4.2      3.6      8.4 1985  8 14 18  1 55.440  2.0   1
    48565  37.876168 -122.242513     9.337      126.9     -212.1       28.8      4.6      4.8     11.2 1985  5 27  0 43  9.070  1.1   1
    45165  37.879041 -122.244613     9.283      -57.8      106.8      -25.0      3.5      3.2      7.5 1985  4  2  5 57 16.450  1.9   1
    44289  37.876896 -122.243001     9.324       84.1     -131.5       16.0      3.9      4.1     10.9 1985  3 19 17 15 39.620  1.6   1
    38520  37.879110 -122.244727     9.274      -67.8      114.1      -34.3      3.6      3.6      9.6 1985  1 24  7 41 24.780  1.4   1
   484120  37.880538 -122.245939     9.284     -174.8      272.8      -24.5      8.4      9.7     20.8 1996 11  9  7  8 36.700  1.1   1
 30107759  37.874174 -122.241374     9.326      227.2     -433.5       17.5      5.4      5.8     14.5 1996  5 31  8 36 47.550  1.8   1
 30065107  37.877193 -122.243229     9.336       63.4      -98.4       28.2      3.5      3.5      7.7 1994 12 26 11 36 28.180  1.6   1
 30058032  37.877376 -122.243441     9.331       45.1      -78.1       22.8      5.4      6.2     13.8 1994  9 18 13  9  1.010  1.0   1
   402094  37.881535 -122.246273     9.298     -204.1      383.7      -10.1      5.2      5.1     11.1 1994  5 12  8 58 13.720  1.6   1
 30034705  37.879460 -122.244425     9.401      -41.5      153.0       92.6      5.0      5.2     10.0 1993 11 13 16 27  4.110  2.0   1
   242668  37.880147 -122.245524     9.280     -138.3      229.3      -27.6      4.2      3.5      8.1 1992  1 10 14 39 51.840  1.8   1
   242027  37.876697 -122.243058     9.272       79.0     -153.4      -35.9      4.9      6.8     16.3 1991 12 29  1 16  1.320  1.2   1
