    38542  37.878650 -122.244474     9.281      -45.9       63.1      -27.4      4.1      3.9     10.7 1985  1 24  2 19 58.710  1.4   1
   238298  37.874707 -122.241789     9.305      190.8     -374.6       -2.6      5.6      5.9     14.5 1991 11 26 14 27 45.550  1.4   1
    86036  37.877262 -122.243311     9.314       56.8      -90.7        6.3      4.0      4.0      9.0 1986 10 19 20 50 38.080  1.6   1
    52942  37.880216 -122.245451     9.277     -132.0      237.1      -30.7      4.3      3.8      8.6 1985  8 14 18  1 55.440  2.0   1
    48565  37.876156 -122.242521     9.333      126.1     -213.5       24.5      4.7      5.0     11.6 1985  5 27  0 43  9.070  1.1   1
    45165  37.879069 -122.244588     9.290      -55.8      109.8      -17.8      3.6      3.3      7.8 1985  4  2  5 57 16.450  1.9   1
    44289  37.876892 -122.243001     9.321       83.7     -132.1       12.6      4.1      4.2     11.3 1985  3 19 17 15 39.620  1.6   1
    38520  37.879138 -122.244702     9.281      -66.0      117.4      -26.9      3.8      3.8     10.0 1985  1 24  7 41 24.780  1.4   1
   484120  37.880566 -122.245939     9.289     -174.9      276.1      -19.6      8.8     10.1     21.5 1996 11  9  7  8 36.700  1.1   1
 30107759  37.874150 -122.241382     9.321      226.5     -436.2       13.1      5.6      6.0     15.2 1996  5 31  8 36 47.550  1.8   1
 30065107  37.877169 -122.243229     9.333       63.4     -101.3       24.6      3.7      3.6      8.1 1994 12 26 11 36 28.180  1.6   1
 30058032  37.877340 -122.243441     9.322       44.8      -82.1       14.2      5.6      6.4     14.2 1994  9 18 13  9  1.010  1.0   1
   402094  37.881559 -122.246273     9.300     -204.0      386.3       -8.3      5.4      5.3     11.5 1994  5 12  8 58 13.720  1.6   1
 30034705  37.879460 -122.244409     9.407      -40.3      153.0       99.2      5.2      5.3     10.1 1993 11 13 16 27  4.110  2.0   1
   242668  37.880168 -122.245516     9.284     -137.6      231.6      -24.2      4.4      3.6      8.3 1992  1 10 14 39 51.840  1.8   1
   242027  37.876693 -122.243083     9.266       76.9     -153.8      -42.1      5.2      7.0     16.9 1991 12 29  1 16  1.320  1.2   1
