    38542  37.878630 -122.244458     9.290      -44.4       61.1      -17.8     17.1     15.7     43.5 1985  1 24  2 19 58.710  1.4   1
   238298  37.874512 -122.241821     9.280      187.4     -396.1      -28.4     21.8     22.4     49.4 1991 11 26 14 27 45.550  1.4   1
    86036  37.877067 -122.243335     9.320       54.2     -112.5       11.9     15.5     14.7     33.4 1986 10 19 20 50 38.080  1.6   1
    52942  37.880200 -122.245467     9.288     -132.9      235.3      -20.1     17.6     14.8     31.5 1985  8 14 18  1 55.440  2.0   1
    48565  37.876017 -122.242529     9.329      125.0     -229.0       20.8     19.4     19.4     44.1 1985  5 27  0 43  9.070  1.1   1
    45165  37.879057 -122.244556     9.325      -52.6      108.4       16.7     14.2     12.9     28.5 1985  4  2  5 57 16.450  1.9   1
    44289  37.876815 -122.243075     9.340       77.4     -140.3       31.7     16.7     16.8     42.2 1985  3 19 17 15 39.620  1.6   1
    38520  37.879187 -122.244613     9.314      -57.9      123.0        6.0     15.3     14.9     38.1 1985  1 24  7 41 24.780  1.4   1
   484120  37.880627 -122.245898     9.232     -171.1      282.7      -76.2     35.6     39.1     43.9 1996 11  9  7  8 36.700  1.1   1
 30107759  37.873706 -122.241366     9.285      227.7     -485.5      -23.5     18.9     20.9     26.8 1996  5 31  8 36 47.550  1.8   1
 30065107  37.876733 -122.242822     9.306       99.7     -149.4       -2.4     13.3     13.1     19.3 1994 12 26 11 36 28.180  1.6   1
 30058032  37.877271 -122.243278     9.325       59.6      -90.0       17.3     23.1     23.4     30.7 1994  9 18 13  9  1.010  1.0   1
   402094  37.881645 -122.246167     9.219     -194.4      395.6      -89.1     19.2     19.5     25.2 1994  5 12  8 58 13.720  1.6   1
 30034705  37.879333 -122.244515     9.445      -49.3      139.0      136.7     17.8     18.7     19.2 1993 11 13 16 27  4.110  2.0   1
   242668  37.880143 -122.245532     9.293     -138.6      229.0      -14.9     17.4     14.4     30.0 1992  1 10 14 39 51.840  1.8   1
   242027  37.878251 -122.243693     9.334       22.7       18.8       25.9     19.9     23.1     32.5 1991 12 29  1 16  1.320  1.2   1
