    38542  37.878634 -122.244466     9.290      -44.8       61.3      -17.9     17.1     15.6     43.6 1985  1 24  2 19 58.710  1.4   1
   238298  37.874508 -122.241813     9.280      188.0     -396.4      -28.4     21.8     22.4     49.2 1991 11 26 14 27 45.550  1.4   1
    86036  37.877067 -122.243343     9.320       54.0     -112.5       11.8     15.5     14.7     33.4 1986 10 19 20 50 38.080  1.6   1
    52942  37.880204 -122.245459     9.288     -132.6      235.6      -20.1     17.6     14.8     31.4 1985  8 14 18  1 55.440  2.0   1
    48565  37.876017 -122.242537     9.329      124.7     -228.9       20.6     19.3     19.4     44.1 1985  5 27  0 43  9.070  1.1   1
    45165  37.879057 -122.244548     9.325      -52.4      108.4       16.7     14.2     12.9     28.6 1985  4  2  5 57 16.450  1.9   1
    44289  37.876811 -122.243066     9.340       77.9     -140.7       31.7     16.7     16.8     42.0 1985  3 19 17 15 39.620  1.6   1
    38520  37.879191 -122.244621     9.314      -58.5      123.2        6.1     15.3     14.9     38.3 1985  1 24  7 41 24.780  1.4   1
   484120  37.880623 -122.245890     9.232     -170.7      282.4      -76.1     35.6     39.1     43.9 1996 11  9  7  8 36.700  1.1   1
 30107759  37.873706 -122.241357     9.285      228.1     -485.5      -23.5     18.9     20.9     26.8 1996  5 31  8 36 47.550  1.8   1
 30065107  37.876733 -122.242822     9.306       99.7     -149.4       -2.3     13.3     13.1     19.3 1994 12 26 11 36 28.180  1.6   1
 30058032  37.877271 -122.243278     9.325       59.3      -90.0       17.4     23.1     23.4     30.7 1994  9 18 13  9  1.010  1.0   1
   402094  37.881645 -122.246159     9.219     -194.3      395.7      -89.1     19.2     19.5     25.2 1994  5 12  8 58 13.720  1.6   1
 30034705  37.879338 -122.244523     9.445      -49.9      139.4      136.8     17.8     18.7     19.2 1993 11 13 16 27  4.110  2.0   1
   242668  37.880143 -122.245532     9.293     -138.9      229.0      -15.0     17.4     14.4     30.1 1992  1 10 14 39 51.840  1.8   1
   242027  37.878247 -122.243693     9.334       22.9       18.6       26.3     19.9     23.2     32.5 1991 12 29  1 16  1.320  1.2   1
