    38542  37.878605 -122.244491     9.271      -47.3       58.4      -37.5     18.9     17.3     43.8 1985  1 24  2 19 58.710  1.4   1
   238298  37.874670 -122.241789     9.333      190.7     -378.7       24.7     24.0     24.4     49.9 1991 11 26 14 27 45.550  1.4   1
    86036  37.877096 -122.243335     9.302       54.5     -109.3       -6.2     17.0     16.2     36.3 1986 10 19 20 50 38.080  1.6   1
    52942  37.879980 -122.245809     9.322     -163.1      210.9       13.7     18.7     15.9     41.5 1985  8 14 18  1 55.440  2.0   1
    48565  37.876103 -122.242497     9.312      128.0     -219.3        3.4     21.0     21.6     52.3 1985  5 27  0 43  9.070  1.1   1
    45165  37.879012 -122.244548     9.270      -52.1      103.5      -38.6     15.6     14.2     30.4 1985  4  2  5 57 16.450  1.9   1
    44289  37.876713 -122.243123     9.398       73.3     -151.9       89.6     18.0     17.9     57.6 1985  3 19 17 15 39.620  1.6   1
    38520  37.879146 -122.244661     9.254      -62.5      118.4      -54.5     16.8     16.4     39.3 1985  1 24  7 41 24.780  1.4   1
   484120  37.880656 -122.245850     9.249     -166.8      285.7      -59.1     38.9     42.7     47.7 1996 11  9  7  8 36.700  1.1   1
 30107759  37.873755 -122.241317     9.285      232.1     -479.9      -23.2     20.8     22.9     29.2 1996  5 31  8 36 47.550  1.8   1
 30065107  37.876786 -122.242782     9.294      103.4     -143.5      -14.5     14.6     14.4     21.2 1994 12 26 11 36 28.180  1.6   1
 30058032  37.877266 -122.243197     9.386       66.3      -90.5       77.9     25.1     25.0     34.8 1994  9 18 13  9  1.010  1.0   1
   402094  37.881653 -122.246094     9.221     -188.4      396.6      -87.0     21.0     21.2     27.1 1994  5 12  8 58 13.720  1.6   1
 30034705  37.879329 -122.244466     9.427      -45.4      138.8      119.2     19.5     20.4     20.8 1993 11 13 16 27  4.110  2.0   1
   242668  37.880074 -122.245508     9.248     -137.1      221.3      -60.1     19.0     15.8     31.7 1992  1 10 14 39 51.840  1.8   1
   242027  37.878349 -122.243652     9.355       26.7       29.7       47.3     21.7     25.3     36.1 1991 12 29  1 16  1.320  1.2   1
